Initial Conditions

Ntraj   =  12800
Ndim    =      4
kmax    =   4000
dt      =   0.0010
fric    =   8.0000
Mass    =   0.100000E+01  0.100000E+01  0.100000E+01  0.100000E+01

Initial Wavepacket

alpha0   =   2.0000  2.0000  2.0000  2.0000
center   =  -1.5000 -0.5000  0.5000  1.5000
momentum =   0.0000  0.0000  0.0000  0.0000

interparticle distance =   2.0000

Expectation value of x(2,ntraj) =  -0.499085
Total Energy =   6.00000
MISSION COMPLETE.
