Initial Conditions

Ntraj   =  12800
Ndim    =      4
kmax    =   4000
dt      =   0.0010
fric    =   8.0000
Mass    =   0.100000E+01  0.100000E+01  0.100000E+01  0.100000E+01

Initial Wavepacket

alpha0   =   2.0000  2.0000  2.0000  2.0000
center   =  -1.1250 -0.3750  0.3750  1.1250
momentum =   0.0000  0.0000  0.0000  0.0000

interparticle distance =   1.5000

Expectation value of x(2,ntraj) =  -0.374085
Total Energy =   4.00000
MISSION COMPLETE.
